word	occu	freq-per-mill	usual	rank	racio
,	230	79173.84	370370.37	0	0.21
que	141	48537.01	103092.78	7	0.47
de	131	45094.66	119817.33	2	0.38
em	122	41996.56	46683.19	10	0.90
ser	118	40619.62	39347.54	36	1.03
o	107	36833.05	97949.71	6	0.38
.	106	36488.81	175438.60	3	0.21
a	86	29604.13	102501.36	5	0.29
e	63	21686.75	149253.73	4	0.15
um	52	17900.17	56115.76	13	0.32
estar	48	16523.24	6493.68	238	2.54
eu	39	13425.13	13118.02	63	1.02
por	37	12736.66	34343.23	22	0.37
pessoa	31	10671.26	9546.23	244	1.12
também	31	10671.26	19723.87	48	0.54
mais	29	9982.79	36101.08	25	0.28
não	28	9638.55	42194.09	21	0.23
para	27	9294.32	72992.70	11	0.13
ativismo	25	8605.85	38.58	24096	223.09
ter	22	7573.15	7842.75	80	0.97
ou	21	7228.92	28011.20	33	0.26
muito	20	6884.68	13648.46	50	0.50
se	20	6884.68	35670.83	24	0.19
achar	19	6540.45	1429.18	2396	4.58
com	17	5851.98	64060.20	12	0.09
como	17	5851.98	31545.74	29	0.19
?	16	5507.75	19342.36	49	0.28
coisa	16	5507.75	3687.35	267	1.49
quando	15	5163.51	13568.52	71	0.38
grupo	15	5163.51	2115.13	248	2.44
mas	14	4819.28	21413.28	44	0.23
outro	13	4475.04	5931.10	167	0.75
mesmo	13	4475.04	12420.44	66	0.36
haver	13	4475.04	6406.24	1765	0.70
querer	13	4475.04	1552.23	1953	2.88
todo	13	4475.04	8731.63	131	0.51
ir	12	4130.81	2411.06	439	1.71
Braga	11	3786.57	259.76	3847	14.58
Palestina	11	3786.57	75.22	13291	50.34
tentar	11	3786.57	887.89	969	4.26
momento	10	3442.34	4170.74	201	0.83
este	10	3442.34	7039.46	83	0.49
então	10	3442.34	5032.71	196	0.68
isso	10	3442.34	13755.16	70	0.25
causa	10	3442.34	1174.37	498	2.93
fazer	9	3098.11	9782.74	82	0.32
assim	9	3098.11	8354.22	117	0.37
ele	9	3098.11	12123.24	62	0.26
porque	9	3098.11	7651.11	128	0.40
conseguir	9	3098.11	585.77	850	5.29
importante	9	3098.11	3474.37	241	0.89
dizer	8	2753.87	2292.28	318	1.20
agora	8	2753.87	5109.86	193	0.54
começar	8	2753.87	577.53	861	4.77
só	8	2753.87	10131.71	96	0.27
participar	8	2753.87	1046.35	953	2.63
organização	8	2753.87	1077.77	702	2.56
bocadinho	8	2753.87	72.07	13872	38.21
continuar	8	2753.87	370.59	1182	7.43
coletivo	8	2753.87	177.23	3507	15.54
protesto	8	2753.87	143.79	5970	19.15
ano	7	2409.64	13694.45	93	0.18
tudo	7	2409.64	8952.55	109	0.27
altura	7	2409.64	1008.37	989	2.39
meu	7	2409.64	7234.11	137	0.33
construir	7	2409.64	537.14	1859	4.49
dentro	7	2409.64	4224.76	234	0.57
esse	7	2409.64	5799.74	125	0.42
termos	7	2409.64	1385.62	719	1.74
ela	7	2409.64	9930.49	98	0.24
envolver	6	2065.40	52.60	5985	39.26
gostar	6	2065.40	346.63	3470	5.96
movimento	6	2065.40	937.33	768	2.20
ver	6	2065.40	4203.41	197	0.49
falar	6	2065.40	1403.34	409	1.47
quem	6	2065.40	7593.01	129	0.27
algo	6	2065.40	3487.97	284	0.59
vez	6	2065.40	6091.89	108	0.34
ativista	6	2065.40	68.50	15177	30.15
universidade	5	1721.17	345.22	2894	4.99
bocado	5	1721.17	83.74	11939	20.55
conhecer	5	1721.17	994.00	636	1.73
8	5	1721.17	2058.88	483	0.84
março	5	1721.17	1261.51	790	1.36
já	5	1721.17	16750.42	57	0.10
existir	5	1721.17	679.86	3158	2.53
sobre	5	1721.17	17331.02	55	0.10
aqui	5	1721.17	7007.71	140	0.25
tempo	5	1721.17	7272.68	85	0.24
nós	5	1721.17	6928.17	237	0.25
gente	5	1721.17	3208.21	309	0.54
Universidade	4	1376.94	3260.52	304	0.42
Minho	4	1376.94	83.56	11965	16.48
manifestação	4	1376.94	284.22	3524	4.84
isto	4	1376.94	1863.24	534	0.74
depois	4	1376.94	7209.81	136	0.19
perceber	4	1376.94	552.58	1807	2.49
dar	4	1376.94	1472.30	255	0.94
família	4	1376.94	3018.40	263	0.46
te	4	1376.94	2495.63	398	0.55
pessoal	4	1376.94	1640.15	607	0.84
bastante	4	1376.94	2527.17	393	0.54
criar	4	1376.94	1145.17	513	1.20
ativo	4	1376.94	287.38	3488	4.79
Rede	4	1376.94	2042.07	1805	0.67
ti	4	1376.94	290.39	3441	4.74
lá	4	1376.94	3835.83	258	0.36
ainda	4	1376.94	14144.27	68	0.10
específico	4	1376.94	359.18	2580	3.83
exemplo	4	1376.94	4334.63	228	0.32
-	4	1376.94	22883.30	41	0.06
forma	4	1376.94	10341.26	94	0.13
tu	4	1376.94	378.11	2642	3.64
diferente	4	1376.94	2297.66	606	0.60
pensar	4	1376.94	1198.04	832	1.15
experiência	4	1376.94	2458.81	404	0.56
usar	4	1376.94	765.14	388	1.80
sempre	4	1376.94	9737.10	100	0.14
libertação	4	1376.94	135.76	7363	10.14
próprio	4	1376.94	1511.03	385	0.91
futuro	4	1376.94	1361.10	732	1.01
apresentar	3	1032.70	827.67	1023	1.25
teu	3	1032.70	567.63	1759	1.82
idade	3	1032.70	1085.70	646	0.95
viver	3	1032.70	720.14	976	1.43
trabalhar	3	1032.70	674.09	698	1.53
tuo	3	1032.70	696.52	142612	1.48
relação	3	1032.70	2940.87	249	0.35
primeiro	3	1032.70	4312.19	153	0.24
dedicar	3	1032.70	63.40	6782	16.29
formar	3	1032.70	120.00	2913	8.61
acabar	3	1032.70	117.82	2075	8.77
Greve	3	1032.70	243.68	28087	4.24
partir	3	1032.70	5083.88	194	0.20
nível	3	1032.70	1837.43	418	0.56
amizade	3	1032.70	115.11	2849	8.97
principalmente	3	1032.70	2248.71	442	0.46
vida	3	1032.70	7367.03	90	0.14
sítio	3	1032.70	157.39	4033	6.56
trazer	3	1032.70	578.76	1435	1.78
relativamente	3	1032.70	334.59	2986	3.09
organizar	3	1032.70	222.66	3037	4.64
aquele	3	1032.70	1196.85	677	0.86
vontade	3	1032.70	1482.14	672	0.70
rede	3	1032.70	1490.05	487	0.69
cá	3	1032.70	450.51	2217	2.29
Ou	3	1032.70	28011.20	978	0.04
aí	3	1032.70	1488.76	669	0.69
começas	3	1032.70	10.67	93739	96.81
consciência	3	1032.70	635.45	1571	1.63
sociedade	3	1032.70	2343.57	424	0.44
mandar	3	1032.70	129.92	4301	7.95
dia	3	1032.70	11837.01	67	0.09
alguém	3	1032.70	1777.15	560	0.58
passar	3	1032.70	1787.91	531	0.58
palestiniano	3	1032.70	8.41	83915	122.84
partilhar	3	1032.70	108.14	6768	9.55
aparecer	3	1032.70	220.86	2890	4.68
gerir	3	1032.70	114.00	8769	9.06
!	3	1032.70	24570.02	38	0.04
desde	3	1032.70	5327.65	185	0.19
lenço	3	1032.70	56.51	17694	18.28
lutar	3	1032.70	297.38	3360	3.47
objeto	3	1032.70	629.45	1586	1.64
andar	3	1032.70	69.46	1575	14.87
próximo	3	1032.70	1385.39	430	0.75
seu	3	1032.70	23310.55	42	0.04
bem	3	1032.70	13947.00	69	0.07
resistência	3	1032.70	594.99	1678	1.74
união	3	1032.70	346.90	2880	2.98
luta	3	1032.70	1024.91	973	1.01
acreditar	3	1032.70	393.07	2705	2.63
desafio	3	1032.70	505.13	1704	2.04
obstáculo	3	1032.70	167.82	11870	6.15
fizemos	3	1032.70	239.54	4172	4.31
pessimista	3	1032.70	38.66	25862	26.71
atividade	3	1032.70	2749.52	656	0.38
Olá	2	688.47	685.07	1457	1.00
qual	2	688.47	7955.45	123	0.09
onde	2	688.47	10559.66	92	0.07
Porto	2	688.47	1490.98	668	0.46
envolvimento	2	688.47	221.60	4510	3.11
entrar	2	688.47	116.03	773	5.93
mudar	2	688.47	79.12	1047	8.70
abrir-me	2	688.47	3.35	298411	205.45
foi	2	688.47	26525.20	35	0.03
associação	2	688.47	286.88	2653	2.40
ligar	2	688.47	194.15	3657	3.55
puxar	2	688.47	48.88	11181	14.09
ação	2	688.47	2371.35	419	0.29
estive	2	688.47	139.94	7143	4.92
acontecer	2	688.47	365.45	1427	1.88
Climática	2	688.47	56.69	66691	12.14
Estudantil	2	688.47	75.70	20377	9.10
parte	2	688.47	8718.40	112	0.08
envolvido	2	688.47	108.58	5637	6.34
amigo	2	688.47	1303.14	893	0.53
ninguém	2	688.47	1267.91	786	0.54
antes	2	688.47	5443.66	181	0.13
envolver-me	2	688.47	4.55	219824	151.34
apoiar	2	688.47	176.40	3589	3.90
pois	2	688.47	6863.42	143	0.10
mudança	2	688.47	1081.43	922	0.64
fundo	2	688.47	1015.54	982	0.68
cidade	2	688.47	7107.32	138	0.10
tanto	2	688.47	2049.35	272	0.34
UMAR	2	688.47	9.44	105951	72.95
Armário	2	688.47	142.99	38754	4.81
Ação	2	688.47	2371.35	3655	0.29
Conjunta	2	688.47	124.21	41000	5.54
Academia	2	688.47	307.53	3249	2.24
ajudar	2	688.47	938.49	559	0.73
vigília	2	688.47	11.47	24933	60.04
conhecimento	2	688.47	2021.43	492	0.34
através	2	688.47	5534.03	178	0.12
quase	2	688.47	3271.18	303	0.21
vários	2	688.47	3023.89	328	0.23
boca	2	688.47	644.87	1548	1.07
tirar	2	688.47	86.86	1167	7.93
entre	2	688.47	14771.05	65	0.05
evento	2	688.47	1134.17	349	0.61
ganhar	2	688.47	941.00	1060	0.73
impacto	2	688.47	637.88	1565	1.08
várias	2	688.47	2633.66	377	0.26
tens	2	688.47	150.07	6661	4.59
ficar	2	688.47	3051.57	325	0.23
menos	2	688.47	5963.03	165	0.12
preciso	2	688.47	1954.27	509	0.35
mensagem	2	688.47	658.57	1216	1.05
opinião	2	688.47	866.78	1151	0.79
algum	2	688.47	2423.07	379	0.28
reunião	2	688.47	336.62	1204	2.05
ponto	2	688.47	2834.81	338	0.24
situação	2	688.47	2405.58	413	0.29
trabalho	2	688.47	8643.04	113	0.08
marcante	2	688.47	145.93	6850	4.72
calhar	2	688.47	74.28	13459	9.27
conheci	2	688.47	164.32	6083	4.19
testemunho	2	688.47	162.66	6145	4.23
social	2	688.47	2295.16	316	0.30
sim	2	688.47	2233.64	445	0.31
keffiyeh	2	688.47	1.00	OFV	688.47
dois	2	688.47	7710.10	127	0.09
hoje	2	688.47	6035.00	163	0.11
comigo	2	688.47	610.61	1635	1.13
ideia	2	688.47	1613.68	617	0.43
representar	2	688.47	704.37	4005	0.98
além	2	688.47	5998.80	164	0.11
mundo	2	688.47	8149.96	120	0.08
vir	2	688.47	2859.59	1374	0.24
vês	2	688.47	27.33	36583	25.19
choque	2	688.47	175.08	5709	3.93
“	2	688.47	23980.82	39	0.03
”	2	688.47	23419.20	40	0.03
tocar	2	688.47	270.58	2903	2.54
evoluir	2	688.47	8.08	8534	85.23
25	2	688.47	1746.11	570	0.39
popular	2	688.47	550.39	1388	1.25
consiga	2	688.47	194.94	5127	3.53
ativistar	2	688.47	65.88	OFV	10.45
meia	2	688.47	301.37	1999	2.28
conselho	2	688.47	310.30	3220	2.22
saber	2	688.47	2641.83	283	0.26
comunidade	2	688.47	413.96	764	1.66
podes-te	1	344.23	1.00	OFV	344.24
brevemente	1	344.23	79.61	12558	4.32
nome	1	344.23	4679.46	211	0.07
mora	1	344.23	7.51	3600	45.83
estás	1	344.23	90.85	11004	3.79
Teresa	1	344.23	150.84	6627	2.28
Amorim	1	344.23	99.67	10030	3.45
26	1	344.23	924.47	1079	0.37
oficial	1	344.23	1171.37	851	0.29
justiça	1	344.23	1381.79	1589	0.25
Tribunal	1	344.23	1052.96	947	0.33
Matosinhos	1	344.23	45.82	21824	7.51
secção	1	344.23	108.03	9254	3.19
especializar	1	344.23	332.26	34278	1.04
violência	1	344.23	735.46	1357	0.47
doméstico	1	344.23	135.43	8474	2.54
entrevista	1	344.23	787.59	1267	0.44
vai-se	1	344.23	34.44	29032	9.99
focar	1	344.23	116.69	8567	2.95
basicamente	1	344.23	255.06	3918	1.35
volta	1	344.23	2661.70	373	0.13
2016	1	344.23	2151.93	462	0.16
deprimido	1	344.23	24.04	32088	14.32
desencantar	1	344.23	6.02	148793	57.17
direito	1	344.23	3475.84	285	0.10
criminologia	1	344.23	16.02	62435	21.49
2017	1	344.23	2349.07	423	0.15
espaço	1	344.23	3167.56	313	0.11
mental	1	344.23	352.15	2837	0.98
lista	1	344.23	1551.11	642	0.22
oposição	1	344.23	366.88	2723	0.94
eleição	1	344.23	679.95	2101	0.51
académico	1	344.23	41.58	22543	8.28
política	1	344.23	2388.34	416	0.14
envolvi	1	344.23	15.39	64970	22.37
sério	1	344.23	358.85	2784	0.96
Feminista	1	344.23	76.55	50529	4.50
Internacional	1	344.23	980.68	1120	0.35
2018	1	344.23	2803.48	354	0.12
2019	1	344.23	450.71	2216	0.76
Comecei	1	344.23	337.53	9498	1.02
Fridays	1	344.23	4.10	243776	83.92
future	1	344.23	19.19	52116	17.94
LGBT	1	344.23	92.02	10865	3.74
queer	1	344.23	17.75	56339	19.39
aquilo	1	344.23	806.00	1238	0.43
influenciar	1	344.23	37.68	7848	9.14
decisão	1	344.23	1670.29	596	0.21
curso	1	344.23	2764.72	359	0.12
quiser	1	344.23	90.62	1361	3.80
sozinho	1	344.23	232.47	2934	1.48
nem	1	344.23	5473.45	180	0.06
pai	1	344.23	1802.78	552	0.19
dedicar-me	1	344.23	11.24	88988	30.63
abre-teir	1	344.23	3.66	OFV	94.01
mente	1	344.23	792.58	1259	0.43
diferentes	1	344.23	2952.47	336	0.12
perspetiva	1	344.23	23.95	22049	14.37
recatado	1	344.23	13.37	124449	25.74
pertence	1	344.23	61.03	4105	5.64
atualmente	1	344.23	791.95	1260	0.43
até	1	344.23	16207.46	59	0.02
(	1	344.23	46082.95	19	0.01
União	1	344.23	921.06	1083	0.37
Mulheres	1	344.23	2811.36	3819	0.12
Alternativa	1	344.23	417.76	23227	0.82
Resposta	1	344.23	1179.66	10628	0.29
)	1	344.23	50761.42	17	0.01
Fora	1	344.23	3042.29	4314	0.11
Antirracista	1	344.23	7.16	OFV	48.06
semanal	1	344.23	134.34	7360	2.56
maioritariamente	1	344.23	45.61	21920	7.55
vieste	1	344.23	10.70	93423	32.16
porquê	1	344.23	194.34	5143	1.77
Consegues	1	344.23	25.11	139641	13.71
nessa	1	344.23	1196.60	833	0.29
propriamente	1	344.23	146.42	6827	2.35
aumentar	1	344.23	15.97	1177	21.56
caso	1	344.23	6635.70	148	0.05
núcleo	1	344.23	218.55	4573	1.58
liguar	1	344.23	56.80	OFV	6.06
revezarem	1	344.23	1.00	353928	344.24
maioria	1	344.23	2360.16	421	0.15
fora	1	344.23	3042.29	326	0.11
valente	1	344.23	24.68	24620	13.95
surgir	1	344.23	82.02	5402	4.20
organicamente	1	344.23	15.71	63631	21.90
fácil	1	344.23	1977.46	503	0.17
oficializar	1	344.23	27.26	36680	12.63
Instagram	1	344.23	306.12	3264	1.12
promover	1	344.23	660.63	1511	0.52
questão	1	344.23	1913.14	520	0.18
Começas	1	344.23	10.67	271471	32.27
camada	1	344.23	210.19	3917	1.64
opressão	1	344.23	73.64	13577	4.67
funcionar	1	344.23	712.40	3116	0.48
politizado	1	344.23	11.10	80291	31.00
acabas	1	344.23	8.26	121110	41.69
queres	1	344.23	66.99	14924	5.14
envolvir	1	344.23	108.58	OFV	3.17
costumar	1	344.23	251.59	127003	1.37
dia-a-dia	1	344.23	200.05	4996	1.72
costumas	1	344.23	6.50	153956	53.00
participação	1	344.23	1637.47	608	0.21
WhatsApp	1	344.23	173.38	5765	1.99
Vou	1	344.23	2119.99	2557	0.16
sincero	1	344.23	80.67	11526	4.27
consiger	1	344.23	587.99	OFV	0.59
acompanhar	1	344.23	555.96	1796	0.62
necessário	1	344.23	521.19	446	0.66
responder	1	344.23	502.59	1987	0.68
medida	1	344.23	1259.92	791	0.27
possível	1	344.23	4411.12	224	0.08
tento	1	344.23	119.52	8364	2.88
preparar	1	344.23	383.63	2604	0.90
fim	1	344.23	538.01	236	0.64
semana	1	344.23	724.27	286	0.48
livre	1	344.23	1295.84	769	0.27
direcionar	1	344.23	68.99	14492	4.99
local	1	344.23	4004.81	247	0.09
oportunidade	1	344.23	1376.08	724	0.25
interesse	1	344.23	1294.16	770	0.27
Existe	1	344.23	1880.76	3770	0.18
tenhas	1	344.23	41.13	24311	8.37
lembr	1	344.23	5.70	OFV	60.42
passado	1	344.23	2477.09	401	0.14
recente	1	344.23	565.07	1767	0.61
amiga	1	344.23	538.88	1853	0.64
perguntar	1	344.23	220.23	4538	1.56
poder	1	344.23	531.72	275	0.65
claro	1	344.23	1667.50	597	0.21
espera	1	344.23	673.99	1481	0.51
quisesse	1	344.23	90.62	11033	3.80
tão	1	344.23	4593.48	215	0.07
visceral	1	344.23	37.13	26931	9.27
estreitar	1	344.23	39.47	25330	8.72
oferecer-me	1	344.23	4.89	204588	70.43
quatro	1	344.23	2787.84	356	0.12
dar-me	1	344.23	19.20	52069	17.92
senter	1	344.23	184.58	OFV	1.86
literalmente	1	344.23	174.74	5720	1.97
morte	1	344.23	1799.53	553	0.19
emocionante	1	344.23	143.38	6972	2.40
há	1	344.23	8568.98	114	0.04
os	1	344.23	48309.18	18	0.01
sanar	1	344.23	55.88	17894	6.16
saudade	1	344.23	166.65	5998	2.07
voltar	1	344.23	914.33	1091	0.38
Portugal	1	344.23	2147.31	463	0.16
pergunta	1	344.23	597.48	1671	0.58
trouxeste	1	344.23	5.83	171566	59.06
significado	1	344.23	369.45	2704	0.93
enroladinho	1	344.23	6.94	144125	49.61
usá-lo	1	344.23	80.04	12491	4.30
calor	1	344.23	495.12	2017	0.70
antiguinho	1	344.23	6.48	154301	53.12
frágil	1	344.23	102.20	9782	3.37
Masha	1	344.23	10.46	95606	32.91
tinha-me	1	344.23	9.24	108243	37.26
guardar	1	344.23	82.31	4859	4.18
casa	1	344.23	6910.85	142	0.05
fui-lhe	1	344.23	2.27	441491	151.98
fotografia	1	344.23	238.79	2600	1.44
mostrar	1	344.23	941.89	1059	0.37
fronteira	1	344.23	172.01	3783	2.00
símbolo	1	344.23	271.10	3686	1.27
correto	1	344.23	289.46	3452	1.19
certo	1	344.23	1737.02	573	0.20
fez-me	1	344.23	29.05	34419	11.85
reparar	1	344.23	94.46	10584	3.64
deal-breaker	1	344.23	1.00	OFV	344.24
revelar	1	344.23	124.94	5526	2.76
realmente	1	344.23	1942.88	512	0.18
povo	1	344.23	313.61	720	1.10
interseccional	1	344.23	5.30	188839	65.01
lado	1	344.23	4430.66	223	0.08
certos	1	344.23	348.23	2869	0.99
enfrentaste	1	344.23	1.00	OFV	344.24
dificuldade	1	344.23	700.92	1647	0.49
ultrapassaste	1	344.23	1.00	OFV	344.24
si	1	344.23	1806.03	551	0.19
Tenta-se	1	344.23	11.28	173546	30.52
horizontal	1	344.23	116.35	8592	2.96
autónomo	1	344.23	61.22	42001	5.62
autogerir	1	344.23	4.71	212364	73.10
acarretar	1	344.23	49.78	19365	6.91
personalidade	1	344.23	153.69	2482	2.24
vista	1	344.23	1825.82	545	0.19
diferença	1	344.23	374.43	927	0.92
geracional	1	344.23	13.98	71524	24.62
complicar	1	344.23	215.67	24424	1.60
emoção	1	344.23	294.23	3986	1.17
direção	1	344.23	1120.20	890	0.31
comum	1	344.23	1548.71	643	0.22
desgastante	1	344.23	11.58	35654	29.73
manifesto	1	344.23	80.29	12452	4.29
desgastar	1	344.23	16.07	48043	21.42
emocionalmente	1	344.23	60.50	16527	5.69
psicologicamente	1	344.23	39.04	25610	8.82
levar	1	344.23	862.29	714	0.40
burnout	1	344.23	14.13	70759	24.36
derivar	1	344.23	78.98	50727	4.36
real	1	344.23	1447.81	688	0.24
amig	1	344.23	240.75	280307	1.43
afastar	1	344.23	148.48	6732	2.32
durante	1	344.23	6506.18	151	0.05
lidar	1	344.23	390.82	2556	0.88
connosco	1	344.23	86.73	11527	3.97
companheira	1	344.23	34.85	10759	9.88
bom	1	344.23	8285.00	216	0.04
fator	1	344.23	623.95	2635	0.55
externo	1	344.23	171.98	3769	2.00
confronto	1	344.23	219.84	4546	1.57
direto	1	344.23	543.27	1838	0.63
concreto	1	344.23	265.20	3768	1.30
cabeça	1	344.23	1425.11	699	0.24
contramanifestação	1	344.23	1.00	OFV	344.24
Guimarães	1	344.23	219.70	4549	1.57
Houve	1	344.23	850.56	5768	0.40
fascista	1	344.23	53.17	18804	6.47
1143	1	344.23	8.28	120825	41.59
sente	1	344.23	21.79	2590	15.80
desamparar	1	344.23	12.65	277032	27.20
agente	1	344.23	519.02	2634	0.66
policial	1	344.23	503.85	2597	0.68
apontar	1	344.23	128.18	7799	2.69
arma	1	344.23	361.31	2765	0.95
ali	1	344.23	997.31	1000	0.35
paz	1	344.23	701.90	1422	0.49
música	1	344.23	2585.98	384	0.13
cantar	1	344.23	200.61	4982	1.72
Grândola	1	344.23	18.61	53732	18.50
Vila	1	344.23	825.97	1208	0.42
Morena	1	344.23	142.01	16479	2.42
realidade	1	344.23	1421.06	701	0.24
forte	1	344.23	1608.49	619	0.21
fase	1	344.23	1435.34	694	0.24
nunca	1	344.23	3653.64	271	0.09
época	1	344.23	2111.04	471	0.16
viragem	1	344.23	27.62	36201	12.46
unido	1	344.23	52.94	18854	6.50
quantas	1	344.23	190.41	5249	1.81
formos	1	344.23	52.67	18985	6.54
força	1	344.23	1707.36	583	0.20
contra	1	344.23	5724.10	172	0.06
utópico	1	344.23	17.79	43659	19.35
dir	1	344.23	164.27	43610	2.10
realista	1	344.23	94.29	10603	3.65
cada	1	344.23	9372.07	104	0.04
unânime	1	344.23	67.95	14713	5.07
essencial	1	344.23	540.04	1849	0.64
imaginar	1	344.23	264.57	3777	1.30
abril	1	344.23	1193.74	835	0.29
revolução	1	344.23	47.09	4025	7.31
pouco	1	344.23	5414.19	182	0.06
virar	1	344.23	216.14	4624	1.59
rever	1	344.23	3.56	7515	96.73
orgulho	1	344.23	276.65	3612	1.24
conceptualização	1	344.23	7.05	141809	48.82
desocupar	1	344.23	11.28	78807	30.52
hippies	1	344.23	18.30	54633	18.81
distópico	1	344.23	10.57	66333	32.58
verdade	1	344.23	2909.51	341	0.12
dinâmica	1	344.23	99.61	3421	3.46
relacional	1	344.23	24.20	28372	14.22
qualquer	1	344.23	7369.20	133	0.05
louvar	1	344.23	36.65	27284	9.39
Gostava	1	344.23	194.11	21711	1.77
sentisse	1	344.23	32.28	30975	10.66
…	1	344.23	7892.66	124	0.04
obrigação	1	344.23	287.30	3478	1.20
juntar	1	344.23	205.60	4861	1.67
celebração	1	344.23	70.97	4603	4.85
Abril	1	344.23	1193.74	2223	0.29
dever	1	344.23	216.42	3803	1.59
daria	1	344.23	2.86	7203	120.18
grande	1	344.23	7315.29	116	0.05
circuito	1	344.23	102.35	3898	3.36
diário	1	344.23	134.96	3558	2.55
faz	1	344.23	42.50	188	8.10
conexão	1	344.23	141.53	2924	2.43
vives	1	344.23	12.48	80122	27.58
atento	1	344.23	219.99	4543	1.56
àquele	1	344.23	105.03	12863	3.28
lugar	1	344.23	846.24	221	0.41
frequentar	1	344.23	18.26	11103	18.85
debate	1	344.23	508.72	1963	0.68
café	1	344.23	757.75	1317	0.45
estivemos	1	344.23	54.89	18217	6.27
confortável	1	344.23	143.27	2571	2.40
estarmos	1	344.23	88.46	11302	3.89
in	1	344.23	1071.01	931	0.32
loco	1	344.23	47.57	21020	7.24
assembleia	1	344.23	49.99	7415	6.89
contacto	1	344.23	190.45	5248	1.81
presencial	1	344.23	109.77	9107	3.14
devagarinho	1	344.23	23.01	43458	14.96
estivermos	1	344.23	39.68	25196	8.67
estudar	1	344.23	494.88	2018	0.70
certamente	1	344.23	506.66	1971	0.68
:	1	344.23	33670.03	27	0.01
nosso	1	344.23	1511.26	173	0.23
recomendação	1	344.23	159.19	6279	2.16
encerrar	1	344.23	125.07	7993	2.75
gostaria	1	344.23	8.56	1459	40.20
abordar	1	344.23	111.29	6866	3.09
pontinho	1	344.23	23.25	63959	14.80
Acabamos	1	344.23	90.83	34493	3.79
obrigada	1	344.23	298.71	3345	1.15
